;this file contains the default positions of the pads where the potting will start and end				
;on the HDI there are 12 points(2 HDI sides and 4 tbm sides) i.e. 36 numbers				
;on the module there are 4 points i.e 12 numbers				
;on the tbm there are 4 points i.e 12 numbers				
;same convention for spots 2			3	4	
		
[HDI] 		
part_1_fid_00_x 	= 166.96518;	
part_1_fid_00_y 	= 212.91884;	
part_1_fid_00_z 	= 64.05508;	
part_1_fid_01_x 	= 166.96518;	
part_1_fid_01_y 	= 275.83046;	
part_1_fid_01_z 	= 64.05508;	
part_1_fid_10_x 	= 184.48518;	
part_1_fid_10_y 	= 213.03046;	
part_1_fid_10_z 	= 64.05508;	
part_1_fid_11_x 	= 184.48518;	
part_1_fid_11_y 	= 275.83046;	  
part_1_fid_11_z 	= 64.05508;	  

part_2_fid_00_x 	= 166.96518;	
part_2_fid_00_y 	= 212.91884;	
part_2_fid_00_z 	= 64.05508;	
part_2_fid_01_x 	= 166.96518;	
part_2_fid_01_y 	= 275.83046;	
part_2_fid_01_z 	= 64.05508;	
part_2_fid_10_x 	= 184.48518;	
part_2_fid_10_y 	= 213.03046;	
part_2_fid_10_z 	= 64.05508;	
part_2_fid_11_x 	= 184.48518;	
part_2_fid_11_y 	= 275.83046;	  
part_2_fid_11_z 	= 64.05508;

part_3_fid_00_x 	= 166.96518;	
part_3_fid_00_y 	= 212.91884;	
part_3_fid_00_z 	= 64.05508;	
part_3_fid_01_x 	= 166.96518;	
part_3_fid_01_y 	= 275.83046;	
part_3_fid_01_z 	= 64.05508;	
part_3_fid_10_x 	= 184.48518;	
part_3_fid_10_y 	= 213.03046;	
part_3_fid_10_z 	= 64.05508;	
part_3_fid_11_x 	= 184.48518;	
part_3_fid_11_y 	= 275.83046;	  
part_3_fid_11_z 	= 64.05508;

part_4_fid_00_x 	= 166.96518;	
part_4_fid_00_y 	= 212.91884;	
part_4_fid_00_z 	= 64.05508;	
part_4_fid_01_x 	= 166.96518;	
part_4_fid_01_y 	= 275.83046;	
part_4_fid_01_z 	= 64.05508;	
part_4_fid_10_x 	= 184.48518;	
part_4_fid_10_y 	= 213.03046;	
part_4_fid_10_z 	= 64.05508;	
part_4_fid_11_x 	= 184.48518;	
part_4_fid_11_y 	= 275.83046;	  
part_4_fid_11_z 	= 64.05508;

[BBM] 		
part_1_fid_00_x 	= 166.96518;	
part_1_fid_00_y 	= 212.91884;	
part_1_fid_00_z 	= 64.05508;	
part_1_fid_01_x 	= 166.96518;	
part_1_fid_01_y 	= 275.83046;	
part_1_fid_01_z 	= 64.05508;	
part_1_fid_10_x 	= 184.48518;	
part_1_fid_10_y 	= 213.03046;	
part_1_fid_10_z 	= 64.05508;	
part_1_fid_11_x 	= 184.48518;	
part_1_fid_11_y 	= 275.83046;	  
part_1_fid_11_z 	= 64.05508;	  

part_2_fid_00_x 	= 166.96518;	
part_2_fid_00_y 	= 212.91884;	
part_2_fid_00_z 	= 64.05508;	
part_2_fid_01_x 	= 166.96518;	
part_2_fid_01_y 	= 275.83046;	
part_2_fid_01_z 	= 64.05508;	
part_2_fid_10_x 	= 184.48518;	
part_2_fid_10_y 	= 213.03046;	
part_2_fid_10_z 	= 64.05508;	
part_2_fid_11_x 	= 184.48518;	
part_2_fid_11_y 	= 275.83046;	  
part_2_fid_11_z 	= 64.05508;

part_3_fid_00_x 	= 166.96518;	
part_3_fid_00_y 	= 212.91884;	
part_3_fid_00_z 	= 64.05508;	
part_3_fid_01_x 	= 166.96518;	
part_3_fid_01_y 	= 275.83046;	
part_3_fid_01_z 	= 64.05508;	
part_3_fid_10_x 	= 184.48518;	
part_3_fid_10_y 	= 213.03046;	
part_3_fid_10_z 	= 64.05508;	
part_3_fid_11_x 	= 184.48518;	
part_3_fid_11_y 	= 275.83046;	  
part_3_fid_11_z 	= 64.05508;

part_4_fid_00_x 	= 166.96518;	
part_4_fid_00_y 	= 212.91884;	
part_4_fid_00_z 	= 64.05508;	
part_4_fid_01_x 	= 166.96518;	
part_4_fid_01_y 	= 275.83046;	
part_4_fid_01_z 	= 64.05508;	
part_4_fid_10_x 	= 184.48518;	
part_4_fid_10_y 	= 213.03046;	
part_4_fid_10_z 	= 64.05508;	
part_4_fid_11_x 	= 184.48518;	
part_4_fid_11_y 	= 275.83046;	  
part_4_fid_11_z 	= 64.05508;

[GR]
part_1_center_x   = 1;
part_1_center_y   = 1;
part_1_center_z   = 1;

part_2_center_x   = 1;
part_2_center_y   = 1;
part_2_center_z   = 1;

part_3_center_x   = 1;
part_3_center_y   = 1;
part_3_center_z   = 1;

part_4_center_x   = 1;
part_4_center_y   = 1;
part_4_center_z   = 1;